0	file:/home/severin/git/Topics/corpus_txt/Poe_TheMasqueoftheRedDeath.txt	0.30734580734580735	0.1534996534996535	0.5391545391545391
1	file:/home/severin/git/Topics/corpus_txt/Doyle_AScandalinBohemia.txt	0.759240534771374	0.11245927423884958	0.12830019098977644
2	file:/home/severin/git/Topics/corpus_txt/Kipling_ThyServantaDog.txt	0.4750056612318841	0.4657495471014493	0.059244791666666664
3	file:/home/severin/git/Topics/corpus_txt/Poe_EurekaAProsePoem.txt	0.038622249924971715	0.9032943186277904	0.0580834314472378
4	file:/home/severin/git/Topics/corpus_txt/Howard_TheDevilinIron.txt	0.3001817384220092	0.03791439493639155	0.6619038666415993
5	file:/home/severin/git/Topics/corpus_txt/Howard_ShadowsintheMoonlight.txt	0.35354830829363626	0.0255893489678759	0.6208623427384878
6	file:/home/severin/git/Topics/corpus_txt/Kipling_TheJungleBook.txt	0.9164298652309022	0.01379264503049338	0.06977748973860445
7	file:/home/severin/git/Topics/corpus_txt/Doyle_TheHoundoftheBaskervilles.txt	0.7583926922569582	0.10000329771797917	0.14160401002506265
8	file:/home/severin/git/Topics/corpus_txt/Howard_GodsoftheNorth.txt	0.32362030905077266	0.009050772626931568	0.6673289183222958
9	file:/home/severin/git/Topics/corpus_txt/Doyle_TheSignoftheFour.txt	0.7483437819572273	0.10568671913209729	0.14596949891067537
10	file:/home/severin/git/Topics/corpus_txt/Poe_TheCaskofAmontillado.txt	0.3657513348588864	0.20785659801678108	0.4263920671243326
11	file:/home/severin/git/Topics/corpus_txt/Lovecraft_TheShunnedHouse.txt	0.2595087719298246	0.16308771929824561	0.5774035087719298
12	file:/home/severin/git/Topics/corpus_txt/Lovecraft_AttheMountainofMadness.txt	0.10732288516176336	0.14075703418568417	0.7519200806525524
13	file:/home/severin/git/Topics/corpus_txt/Kipling_TheEndofthePassage.txt	0.8005583472920156	0.07694025683975432	0.12250139586823004
14	file:/home/severin/git/Topics/corpus_txt/Howard_SchadowsinZamboula.txt	0.34608611161717373	0.028541932349547577	0.6253719560332787
15	file:/home/severin/git/Topics/corpus_txt/Poe_ThePurloinedLetter.txt	0.2875610077826144	0.5752539242843953	0.13718506793299037
16	file:/home/severin/git/Topics/corpus_txt/Doyle_AStudyinScarlet.txt	0.7168527379053694	0.11659755449229134	0.16654970760233917
