0	file:/home/severin/git/Topics/corpus_txt/Poe_TheMasqueoftheRedDeath.txt	0.4996534996534997	0.2273042273042273	0.2730422730422731
1	file:/home/severin/git/Topics/corpus_txt/Doyle_AScandalinBohemia.txt	0.803729917986743	0.13167059880912257	0.06459948320413436
2	file:/home/severin/git/Topics/corpus_txt/Kipling_ThyServantaDog.txt	0.17999886775362317	0.7780797101449275	0.04192142210144928
3	file:/home/severin/git/Topics/corpus_txt/Poe_EurekaAProsePoem.txt	0.09942978507283515	0.008218482351040007	0.8923517325761248
4	file:/home/severin/git/Topics/corpus_txt/Howard_TheDevilinIron.txt	0.22385160117816633	0.6382152033590274	0.13793319546280627
5	file:/home/severin/git/Topics/corpus_txt/Howard_ShadowsintheMoonlight.txt	0.2029436912177843	0.701844387443508	0.0952119213387077
6	file:/home/severin/git/Topics/corpus_txt/Kipling_TheJungleBook.txt	0.13762733270186284	0.8434451700815927	0.018927497216544527
7	file:/home/severin/git/Topics/corpus_txt/Doyle_TheHoundoftheBaskervilles.txt	0.7975201160796729	0.11949281097480542	0.0829870729455217
8	file:/home/severin/git/Topics/corpus_txt/Howard_GodsoftheNorth.txt	0.1607064017660044	0.7302428256070641	0.10905077262693157
9	file:/home/severin/git/Topics/corpus_txt/Doyle_TheSignoftheFour.txt	0.7508114356853852	0.16557734204793026	0.08361122226668445
10	file:/home/severin/git/Topics/corpus_txt/Poe_TheCaskofAmontillado.txt	0.479023646071701	0.18497330282227306	0.33600305110602596
11	file:/home/severin/git/Topics/corpus_txt/Lovecraft_TheShunnedHouse.txt	0.3835087719298246	0.14519298245614035	0.47129824561403505
12	file:/home/severin/git/Topics/corpus_txt/Lovecraft_AttheMountainofMadness.txt	0.20014664100449087	0.0960498579415269	0.7038035010539822
13	file:/home/severin/git/Topics/corpus_txt/Kipling_TheEndofthePassage.txt	0.5690675600223339	0.35198213288665553	0.0789503070910106
14	file:/home/severin/git/Topics/corpus_txt/Howard_SchadowsinZamboula.txt	0.2194692415133297	0.7013420780955851	0.0791886803910852
15	file:/home/severin/git/Topics/corpus_txt/Poe_ThePurloinedLetter.txt	0.5020445851470783	0.050916765598206036	0.44703864925471576
16	file:/home/severin/git/Topics/corpus_txt/Doyle_AStudyinScarlet.txt	0.7462626262626262	0.15200425305688461	0.1017331206804891
