0	file:/home/sina/DARIAH/Topics/corpus_txt/Lovecraft_AttheMountainofMadness.txt	0.1442764182934653	0.7177160663550545	0.13800751535148015
1	file:/home/sina/DARIAH/Topics/corpus_txt/Howard_TheDevilinIron.txt	0.13135301121764742	0.13360907438741618	0.7350379143949364
2	file:/home/sina/DARIAH/Topics/corpus_txt/Poe_ThePurloinedLetter.txt	0.418942092072286	0.5123334652420525	0.06872444268566152
3	file:/home/sina/DARIAH/Topics/corpus_txt/Lovecraft_TheShunnedHouse.txt	0.3430877192982456	0.4862456140350877	0.17066666666666666
4	file:/home/sina/DARIAH/Topics/corpus_txt/Poe_TheMasqueoftheRedDeath.txt	0.3312543312543313	0.2616077616077616	0.40713790713790715
5	file:/home/sina/DARIAH/Topics/corpus_txt/Doyle_TheSignoftheFour.txt	0.7202658841314303	0.09394869058734605	0.1857854252812236
6	file:/home/sina/DARIAH/Topics/corpus_txt/Doyle_AStudyinScarlet.txt	0.69745879851143	0.12284954811270601	0.1796916533758639
7	file:/home/sina/DARIAH/Topics/corpus_txt/Howard_ShadowsintheMoonlight.txt	0.13533650909979233	0.08348601441309393	0.7811774764871138
8	file:/home/sina/DARIAH/Topics/corpus_txt/Kipling_TheEndofthePassage.txt	0.5117811278615298	0.0806253489670575	0.4075935231714126
9	file:/home/sina/DARIAH/Topics/corpus_txt/Poe_EurekaAProsePoem.txt	0.07034189810005309	0.9146524459219244	0.015005655978022486
10	file:/home/sina/DARIAH/Topics/corpus_txt/Howard_GodsoftheNorth.txt	0.07858719646799117	0.10375275938189844	0.8176600441501104
11	file:/home/sina/DARIAH/Topics/corpus_txt/Doyle_TheHoundoftheBaskervilles.txt	0.757452842632898	0.09827199577892098	0.14427516158818096
12	file:/home/sina/DARIAH/Topics/corpus_txt/Kipling_ThyServantaDog.txt	0.7020776721014492	0.031221693840579712	0.266700634057971
13	file:/home/sina/DARIAH/Topics/corpus_txt/Poe_TheCaskofAmontillado.txt	0.34286803966437834	0.4195270785659802	0.23760488176964148
14	file:/home/sina/DARIAH/Topics/corpus_txt/Doyle_AScandalinBohemia.txt	0.7646331872823278	0.07066621727895742	0.16470059543871476
15	file:/home/sina/DARIAH/Topics/corpus_txt/Howard_SchadowsinZamboula.txt	0.14258820671646322	0.0824679662355013	0.7749438270480355
16	file:/home/sina/DARIAH/Topics/corpus_txt/Kipling_TheJungleBook.txt	0.1331405686557987	0.015537497715073866	0.8513219336291274
